-38.689242 -91.221184 49.602644
-97.124197 -24.625000 -96.928356
-40.320723 -23.075716 -41.280718
-22.420787 -39.995812 -44.317562
-36.525285 -29.996550 -17.259733
-25.201729 -106.481262 -173.606669
-107.658893 -101.204144 -138.357535
-103.561753 -29.141047 -89.130099
-26.787015 -26.736180 -15.463948
-95.861053 -24.000489 -144.259378
-96.970954 -21.883390 -114.059013
-69.171724 -19.083708 -156.048554
-22.185641 -24.854922 -15.265591
-18.959536 -84.379777 -101.686563
-82.314912 -51.001121 -107.512230
-67.450082 -17.878145 -89.795051
-13.704608 -34.383096 -20.208989
-70.372878 -30.505057 -121.141961
-74.714474 -18.465205 -61.904854
-36.270485 -23.140503 -13.351613
-24.771605 -20.569370 -11.996683
-15.273453 -59.311532 -67.559778
-62.751474 -18.943050 -61.857773
-23.331994 -12.148719 -25.662970
-10.965584 -25.762597 -37.542218
-21.338021 -58.645043 -138.842229
-59.779677 -25.292210 -51.532062
-30.777095 -19.423083 -10.975256
-14.547540 -32.866309 -9.315568
-12.675205 -49.902141 -47.842652
-53.194317 -16.149757 -65.154962
-20.732877 -9.405129 -13.718102
-8.357992 -24.403711 -62.011555
-45.869478 -19.908999 -126.371070
-47.159249 -10.519552 -51.258910
-21.598059 -23.903134 -7.900710
-6.948703 -35.157078 -118.097254
-25.536142 -8.763086 -45.142035
-43.101501 -8.080751 -24.914375
-12.930934 -13.772508 -6.680083
-7.211502 -17.514299 -45.547319
-12.300391 -10.770356 -13.324990
-8.064205 -7.266789 -16.458945
-6.968913 -8.616993 -5.376100
-9.919150 -25.935090 -106.979012
-25.789983 -21.431074 -44.954728
-23.770639 -18.226259 -3.583481
-4.128292 -14.071835 -31.180844
-3.378916 -8.890138 -25.487211
-3.751846 -12.293814 -66.591923
-4.107688 -3.482872 -1.270542
-2.822458 -4.175583 -19.730038
40.317861 20.935817 37.028945
12.010632 -3.391842 -38.863263
0.215515 -6.374626 -5.800559
-1.812247 -5.973382 1.587540
-78.354666 -20.214174 -41.145298
-80.171835 -70.914364 -18.800588
-42.635168 -85.314654 -163.353528
-73.898521 -84.928522 -119.328322
-12.920303 -44.058609 -22.976496
-63.761406 -56.962238 -31.443046
-53.110125 -28.738344 -153.947646
-39.092858 -12.491887 -26.994395
-11.693589 -11.206386 -9.526782
-13.512713 -8.451200 -14.974476
-8.231848 -46.427886 -114.063609
-28.044027 -9.837310 -77.213199
-75.099414 -110.792909 -137.319996
-96.983803 -56.186019 -109.979982
-95.786196 -47.546119 -149.792409
-82.578506 -68.846891 -21.304694
-16.124736 -31.687860 -23.488689
-20.698118 -51.367618 -81.394288
-48.609475 -19.028504 -108.990922
-28.130514 -14.713959 -21.010217
-12.477255 -37.238762 -103.791156
-29.399884 -46.499905 -76.376477
-34.201977 -46.970783 -130.135331
-40.159247 -10.115808 -26.406912
-31.879156 -38.989930 -128.709917
-33.685478 -39.039542 -55.628243
-34.145674 -40.242061 -170.389027
-35.871254 -37.078826 -22.037622
-24.849232 -7.682154 -22.430827
-8.980137 -40.950816 -36.408130
-27.175538 -20.207049 -133.461805
-51.268125 -12.616191 -160.373735
-26.655629 -6.556804 -32.246031
-6.363513 -19.844625 -124.042008
-40.477557 -3.294050 -26.281961
-3.851273 -20.431510 -62.048526
-2.094736 -8.706576 -25.979135
-29.290057 -6.035127 -136.500421
-10.398554 -2.929350 -13.681322
-4.232617 -10.888676 -2.942212
